14 -50 92 0
6 68 -9 0
-92 2 -60 0
16 -29 28 0
22 -71 -66 0
-35 -73 -43 0
-47 -1 37 0
90 -22 -54 0
-12 -56 -40 0
-46 33 -38 0
-48 -88 -37 0
78 -50 1 0
-99 85 40 0
-54 -33 -20 0
-16 70 50 0
-29 -51 25 0
36 9 -73 0
23 -85 99 0
-99 66 -95 0
-32 2 27 0
60 45 33 0
-77 -36 -59 0
-67 -59 80 0
100 21 45 0
56 -73 17 0
87 65 58 0
-15 -95 -31 0
93 91 95 0
98 1 19 0
2 41 -74 0
23 -37 17 0
-31 80 -83 0
46 -73 19 0
-59 -78 -23 0
84 -60 74 0
21 42 100 0
23 -63 -55 0
55 45 11 0
30 -81 -8 0
-41 -73 -6 0
-18 -48 -38 0
-50 58 -66 0
-2 83 11 0
77 -29 39 0
36 -89 -52 0
-35 49 89 0
11 -56 -86 0
85 79 -64 0
-84 -88 17 0
-3 -13 -18 0
-5 -53 87 0
-13 27 74 0
40 82 -75 0
-20 37 66 0
84 -42 6 0
90 7 91 0
-70 -78 -15 0
-27 92 57 0
93 -25 -85 0
-18 28 -57 0
63 -17 73 0
-92 -31 -16 0
50 -92 9 0
-54 -40 -64 0
68 85 42 0
-42 45 -63 0
-56 45 53 0
-42 -60 92 0
43 -83 -73 0
-37 60 64 0
49 -23 70 0
72 -64 63 0
44 94 59 0
-98 -24 87 0
-20 -51 71 0
-12 83 86 0
78 -80 -9 0
87 -53 -28 0
-58 12 -80 0
-7 -86 52 0
-52 -30 -7 0
78 74 2 0
-32 -75 -3 0
-9 -29 -56 0
37 92 61 0
50 -6 69 0
17 49 -97 0
-18 -36 96 0
-32 60 -58 0
-69 -74 -95 0
66 87 38 0
-17 4 -55 0
-27 -62 -91 0
77 61 -7 0
31 -4 56 0
-39 90 98 0
-75 -26 -54 0
-94 34 -26 0
85 87 -80 0
-26 65 59 0
-96 -70 -68 0
14 2 58 0
-79 -26 23 0
-47 61 36 0
-1 91 17 0
65 -16 -14 0
-100 -11 34 0
12 -41 -27 0
-36 73 -44 0
54 36 -48 0
5 15 89 0
78 -44 99 0
84 73 -69 0
2 11 -54 0
-59 -93 -47 0
-75 -95 -9 0
-15 13 22 0
98 -36 9 0
-17 100 -68 0
78 -18 6 0
-33 -91 23 0
-99 -1 48 0
25 31 9 0
-52 -88 -65 0
68 90 -8 0
-88 -62 75 0
2 -66 26 0
45 -15 -2 0
62 80 -18 0
-80 -7 92 0
-61 -72 70 0
-25 10 -80 0
22 -98 72 0
-56 24 17 0
34 -38 -73 0
74 38 42 0
7 -99 -30 0
98 59 -17 0
61 36 -2 0
-1 48 -10 0
69 92 -66 0
-14 78 12 0
-87 -59 -58 0
16 11 14 0
-95 -87 10 0
-72 -15 -43 0
-93 -53 -60 0
-94 -75 97 0
21 63 29 0
11 -62 -87 0
-80 -24 17 0
-85 -47 52 0
-26 -51 35 0
38 92 -45 0
24 48 80 0
-70 28 8 0
-59 -90 -99 0
66 12 -97 0
49 91 42 0
-74 -90 55 0
-52 -91 -31 0
59 37 13 0
-35 74 -100 0
-25 95 64 0
-54 -86 9 0
82 68 -88 0
69 47 -39 0
-84 -76 -25 0
-29 -35 -9 0
16 34 26 0
1 -76 -36 0
-40 70 -47 0
35 -99 -39 0
-90 -82 -52 0
68 -86 -22 0
64 71 -59 0
43 -79 -12 0
96 -20 -33 0
31 -47 -11 0
19 -11 -59 0
-66 -80 -13 0
5 -60 48 0
-72 -47 -68 0
-74 -27 4 0
69 45 -11 0
78 -61 -57 0
65 -35 -80 0
2 -13 26 0
-29 41 -44 0
-55 82 -21 0
52 34 -89 0
-36 83 14 0
6 46 -44 0
75 -15 -71 0
-92 10 -76 0
-39 -97 -80 0
-73 -13 -48 0
38 17 -68 0
51 36 12 0
-18 -87 16 0
-65 81 99 0
34 -4 -50 0
20 -44 -49 0
50 84 76 0
-78 -59 25 0
58 96 13 0
-68 -44 70 0
-98 -30 -71 0
-6 56 58 0
52 23 -78 0
61 -85 55 0
35 90 28 0
-67 -21 74 0
9 -25 -84 0
59 -95 -13 0
70 84 -21 0
97 82 -93 0
10 -94 72 0
-10 -39 -35 0
-81 40 -45 0
-14 -23 7 0
5 -3 -6 0
41 44 -84 0
-52 -95 72 0
2 -45 -91 0
34 -40 -79 0
39 97 63 0
68 82 61 0
-68 -30 -58 0
16 86 5 0
-66 -62 -97 0
-60 36 93 0
82 52 7 0
66 97 48 0
-87 14 -58 0
86 -1 -36 0
45 80 32 0
79 72 99 0
45 16 -26 0
31 -85 -70 0
80 -73 57 0
25 -68 -47 0
-16 49 -60 0
28 29 -35 0
-2 -75 42 0
51 -24 -39 0
99 -1 82 0
-27 -87 -59 0
-69 28 -47 0
36 -89 37 0
-80 68 -38 0
-60 -29 -21 0
99 -71 -76 0
59 -66 -78 0
80 -47 42 0
-79 -37 -36 0
79 75 19 0
62 -6 75 0
30 89 42 0
92 -41 95 0
-65 -53 -59 0
18 -14 -66 0
40 91 87 0
71 61 28 0
16 31 -98 0
64 -97 15 0
-45 84 10 0
-94 -3 -90 0
-3 -100 98 0
-98 15 83 0
-93 -43 9 0
-68 -57 42 0
60 -91 66 0
-2 -40 -100 0
1 -14 -6 0
-5 66 -16 0
-59 -72 -28 0
-95 -65 96 0
87 86 98 0
56 -88 23 0
-71 23 65 0
80 81 93 0
-19 46 94 0
-29 -42 77 0
18 9 16 0
22 2 -48 0
-94 22 62 0
-26 -73 -10 0
28 9 39 0
64 71 3 0
-52 -64 73 0
55 3 -33 0
-9 95 -93 0
33 -1 93 0
4 -69 64 0
-70 5 17 0
4 -56 96 0
16 -85 12 0
-17 73 -76 0
-75 2 73 0
-20 89 -43 0
-86 -19 -24 0
31 -75 44 0
62 34 36 0
21 78 -18 0
-22 -27 31 0
-7 -13 -43 0
92 71 -10 0
-42 -65 5 0
-74 72 -14 0
47 5 43 0
-9 49 75 0
90 80 7 0
-8 52 -34 0
51 -61 -74 0
22 -45 81 0
41 -53 -19 0
-41 35 32 0
82 62 85 0
-63 21 6 0
92 -36 -1 0
-99 -88 -13 0
77 100 -45 0
-3 79 96 0
-22 85 6 0
-88 47 -83 0
-19 -3 -62 0
72 11 -64 0
39 -57 45 0
-36 93 32 0
-24 15 -34 0
21 2 -74 0
-40 -43 -93 0
-50 58 37 0
-55 -78 22 0
-31 -13 -19 0
97 -26 13 0
9 17 16 0
21 -15 -68 0
-94 -80 82 0
48 23 30 0
-24 -41 83 0
97 -63 -10 0
-22 -66 -27 0
30 -68 70 0
-96 -6 99 0
-51 28 17 0
-74 -65 98 0
78 11 -51 0
-11 4 53 0
85 -29 -12 0
-16 -41 38 0
-57 14 -73 0
87 -33 40 0
46 -24 95 0
51 61 -81 0
47 -38 -90 0
92 -24 41 0
53 -32 52 0
54 31 3 0
97 69 47 0
76 39 1 0
3 -92 -53 0
81 32 -91 0
-57 17 89 0
57 38 -73 0
11 83 -15 0
-4 53 7 0
-30 93 64 0
-34 39 44 0
-57 -64 62 0
9 -84 -16 0
64 53 -6 0
-51 -98 76 0
65 56 -15 0
-73 63 87 0
-48 -33 54 0
-84 8 59 0
6 -89 -55 0
83 -22 84 0
-22 32 60 0
-43 -79 89 0
-95 -16 19 0
97 28 45 0
-27 -4 -29 0
-92 -47 86 0
33 -17 67 0
-66 30 58 0
-67 -48 -24 0
-78 19 -20 0
-14 74 66 0
19 3 -11 0
-14 32 -2 0
-25 -97 -13 0
-32 -21 -40 0
-99 90 73 0
73 -23 -90 0
70 -80 -84 0
-27 -85 -81 0
68 -29 -40 0
2 26 85 0
14 -32 -77 0
-49 -16 -13 0
-15 87 -100 0
37 63 14 0
27 -53 69 0
-61 13 46 0
-58 -55 -7 0
25 78 24 0
61 -25 85 0
27 -41 -42 0
78 -6 -36 0
-30 -17 -81 0
-10 96 34 0
41 -37 7 0
63 -75 -51 0
70 14 -86 0
-37 43 83 0
-90 91 60 0
-30 75 37 0
49 -40 7 0
59 36 71 0
94 74 -91 0
-8 39 -6 0
98 5 -35 0
